300319074:ID-24:GUOGE--stats: 1 329 237 131 43 1468820
300356773:ID-8:GUOGE--stats: 1 306 239 129 46 1357750
300474684:ID-11:GUOGE--stats: 1 468 236 93 49 1927015
300487284:ID-31:GUOGE--stats: 1 268 244 0 24 749515
300520702:ID-2:GUOGE--stats: 1 434 236 190 42 1594795
300528682:ID-30:GUOGE--stats: 1 427 239 122 38 1510910
300535230:ID-6:GUOGE--stats: 1 447 238 155 42 1727170
300555813:ID-28:GUOGE--stats: 1 440 243 127 8 1229980
300632067:ID-4:GUOGE--stats: 1 297 239 71 43 1438045
300661937:ID-1:GUOGE--stats: 1 6 0 0 0 0
300677961:ID-27:GUOGE--stats: 1 559 239 52 32 1628380
300686339:ID-7:GUOGE--stats: 1 374 231 100 67 2122765
300734727:ID-14:GUOGE--stats: 1 335 239 104 39 1312070
300739126:ID-18:GUOGE--stats: 1 321 241 60 30 1535010
300746526:ID-15:GUOGE--stats: 1 284 236 2 45 1346465
300751706:ID-25:GUOGE--stats: 1 423 234 80 58 1888015
300756372:ID-20:GUOGE--stats: 1 296 248 32 17 624050
300756584:ID-16:GUOGE--stats: 1 401 240 82 29 1441355
300840766:ID-10:GUOGE--stats: 1 292 243 40 30 1065040
300877626:ID-12:GUOGE--stats: 1 282 246 49 16 621745
300921194:ID-29:GUOGE--stats: 1 316 236 25 57 1614300
300974409:ID-26:GUOGE--stats: 1 272 245 26 22 732320
300992776:ID-9:GUOGE--stats: 1 338 238 14 47 1480635
300999410:ID-5:GUOGE--stats: 1 401 232 82 59 2079390
301003284:ID-19:GUOGE--stats: 1 331 228 38 77 2282320
301080970:ID-22:GUOGE--stats: 1 291 248 81 4 569135
301092976:ID-17:GUOGE--stats: 1 310 236 5 54 1587115
301167855:ID-13:GUOGE--stats: 1 288 239 2 43 1237695
301183561:ID-3:GUOGE--stats: 1 315 234 86 59 2010400
301190972:ID-21:GUOGE--stats: 1 293 239 22 40 1261290
301229970:ID-23:GUOGE--stats: 1 412 227 140 68 2416475
