150305659:ID-24:GUOGE--stats: 1 143 92 80 25 809065
150333291:ID-11:GUOGE--stats: 1 124 97 88 15 428875
150352282:ID-9:GUOGE--stats: 1 114 99 43 0 449665
150353700:ID-1:GUOGE--stats: 1 5 0 0 0 0
150435308:ID-16:GUOGE--stats: 1 123 88 44 47 1236980
150446883:ID-21:GUOGE--stats: 1 97 87 0 36 1427340
150452350:ID-12:GUOGE--stats: 1 123 93 75 24 698490
150455247:ID-8:GUOGE--stats: 1 103 90 29 35 1145910
150474797:ID-27:GUOGE--stats: 1 206 100 1 0 215925
150564958:ID-17:GUOGE--stats: 1 119 89 1 36 949150
150606935:ID-30:GUOGE--stats: 1 178 99 152 5 250825
150648566:ID-29:GUOGE--stats: 1 112 94 20 26 728515
150687005:ID-19:GUOGE--stats: 1 184 97 153 11 386785
150703762:ID-7:GUOGE--stats: 1 147 99 121 6 237215
150722290:ID-31:GUOGE--stats: 1 114 86 33 44 1329850
150766216:ID-5:GUOGE--stats: 1 135 99 95 10 417060
150801807:ID-4:GUOGE--stats: 1 106 86 7 51 1497120
150801916:ID-13:GUOGE--stats: 1 132 97 88 18 538155
150807069:ID-20:GUOGE--stats: 1 112 100 0 0 121545
150840659:ID-10:GUOGE--stats: 1 112 100 0 0 100250
150903507:ID-6:GUOGE--stats: 1 131 98 97 10 343690
150987555:ID-25:GUOGE--stats: 1 115 100 92 7 254415
151066569:ID-18:GUOGE--stats: 1 124 92 73 27 827780
151135065:ID-28:GUOGE--stats: 1 108 93 49 23 862175
151137415:ID-3:GUOGE--stats: 1 140 96 94 20 670015
151150829:ID-15:GUOGE--stats: 1 123 98 97 8 275710
151189271:ID-23:GUOGE--stats: 1 130 95 77 23 738505
151195793:ID-26:GUOGE--stats: 1 153 99 99 2 352675
151260211:ID-22:GUOGE--stats: 1 141 98 112 13 364990
151261241:ID-2:GUOGE--stats: 1 112 100 85 6 215420
151499478:ID-14:GUOGE--stats: 1 120 97 84 12 411165
