2 112 100 85 6 59
3 140 96 94 20 186
4 106 86 7 51 415
5 135 99 95 10 115
6 131 98 97 10 95
7 147 99 121 6 65
8 103 90 29 35 318
9 114 99 43 0 124
10 112 100 0 0 27
11 124 97 88 15 119
12 123 93 75 24 194
13 132 97 88 18 149
14 120 97 84 12 114
15 123 98 97 8 76
16 123 88 44 47 343
17 119 89 1 36 263
18 124 92 73 27 229
19 184 97 153 11 107
20 112 100 0 0 33
21 97 87 0 36 396
22 141 98 112 13 101
23 130 95 77 23 205
24 143 92 80 25 224
25 115 100 92 7 70
26 153 99 99 2 97
27 206 100 1 0 59
28 108 93 49 23 239
29 112 94 20 26 202
30 178 99 152 5 69
31 114 86 33 44 369
1:3881, 2858, 1989, 540, 5062
150357137:ID-1:GUOGE--delays: 373 447
