300345200:ID-24:GUOGE--stats: 1 334 241 191 42 1365430
300356820:ID-8:GUOGE--stats: 1 388 241 108 29 1110205
300425916:ID-28:GUOGE--stats: 1 319 241 30 26 1218985
300485916:ID-11:GUOGE--stats: 1 297 232 128 51 1868510
300505482:ID-31:GUOGE--stats: 1 266 225 101 78 2769990
300528403:ID-30:GUOGE--stats: 1 400 247 173 12 541950
300535405:ID-6:GUOGE--stats: 1 315 239 223 48 1260245
300558201:ID-2:GUOGE--stats: 1 288 250 253 11 408260
300632064:ID-4:GUOGE--stats: 1 274 242 50 34 1061730
300661937:ID-1:GUOGE--stats: 1 6 0 0 0 0
300669202:ID-27:GUOGE--stats: 1 443 249 19 0 410050
300686158:ID-7:GUOGE--stats: 1 433 247 393 18 606810
300755805:ID-20:GUOGE--stats: 1 265 249 0 0 287980
300758335:ID-15:GUOGE--stats: 1 357 247 300 20 668400
300773724:ID-25:GUOGE--stats: 1 310 240 222 41 1153770
300819586:ID-18:GUOGE--stats: 1 296 223 156 83 2450850
300830412:ID-14:GUOGE--stats: 1 279 234 174 47 1809505
300839707:ID-10:GUOGE--stats: 1 264 249 0 0 221290
300900061:ID-12:GUOGE--stats: 1 305 237 229 51 1376705
300921187:ID-29:GUOGE--stats: 1 276 237 54 50 1459345
300958104:ID-16:GUOGE--stats: 1 318 239 212 48 1447525
300965968:ID-22:GUOGE--stats: 1 452 244 351 26 955720
301011440:ID-26:GUOGE--stats: 1 340 249 253 4 669690
301019499:ID-19:GUOGE--stats: 1 414 241 331 31 1195075
301025041:ID-9:GUOGE--stats: 1 302 248 178 0 879050
301038234:ID-5:GUOGE--stats: 1 281 249 243 11 429555
301092534:ID-17:GUOGE--stats: 1 268 243 6 32 906270
301168950:ID-13:GUOGE--stats: 1 290 237 37 50 1371860
301184337:ID-3:GUOGE--stats: 1 363 224 139 100 2744605
301190978:ID-21:GUOGE--stats: 1 246 223 21 80 3274900
301434913:ID-23:GUOGE--stats: 1 348 238 246 44 1415705
