2 288 250 253 11 113
3 363 224 139 100 762
4 274 242 50 34 294
5 281 249 243 11 119
6 315 239 223 48 350
7 433 247 393 18 168
8 388 241 108 29 308
9 302 248 178 0 244
10 264 249 0 0 61
11 297 232 128 51 519
12 305 237 229 51 382
13 290 237 37 50 381
14 279 234 174 47 502
15 357 247 300 20 185
16 318 239 212 48 402
17 268 243 6 32 251
18 296 223 156 83 680
19 414 241 331 31 331
20 265 249 0 0 79
21 246 223 21 80 909
22 452 244 351 26 265
23 348 238 246 44 393
24 334 241 191 42 379
25 310 240 222 41 320
26 340 249 253 4 186
27 443 249 19 0 113
28 319 241 30 26 338
29 276 237 54 50 405
30 400 247 173 12 150
31 266 225 101 78 769
1:9731, 7205, 4821, 1067, 10358
