300357084:ID-8:GUOGE--stats: 1 376 231 0 60 2239220
300420840:ID-24:GUOGE--stats: 1 349 239 0 43 1333615
300425921:ID-28:GUOGE--stats: 1 375 235 0 51 1798235
300513249:ID-11:GUOGE--stats: 1 319 234 0 35 1568860
300527973:ID-30:GUOGE--stats: 1 468 245 0 22 864655
300535045:ID-6:GUOGE--stats: 1 357 241 0 44 1223040
300570412:ID-2:GUOGE--stats: 1 360 249 0 13 442625
300631879:ID-18:GUOGE--stats: 1 336 228 0 64 2102215
300632657:ID-4:GUOGE--stats: 1 403 226 0 84 2590430
300662298:ID-1:GUOGE--stats: 1 4 0 0 0 0
300690224:ID-27:GUOGE--stats: 1 447 249 0 0 436230
300733265:ID-7:GUOGE--stats: 1 338 247 0 20 656585
300756112:ID-20:GUOGE--stats: 1 384 249 0 1 387240
300769863:ID-14:GUOGE--stats: 1 334 235 0 55 1668915
300783444:ID-25:GUOGE--stats: 1 393 241 0 38 1229940
300820367:ID-15:GUOGE--stats: 1 437 244 0 28 879005
300827782:ID-31:GUOGE--stats: 1 306 222 0 92 2576320
300840043:ID-10:GUOGE--stats: 1 268 249 0 0 293870
300921271:ID-29:GUOGE--stats: 1 285 238 0 51 1526820
300945771:ID-12:GUOGE--stats: 1 340 239 0 46 1337205
301005466:ID-16:GUOGE--stats: 1 305 238 0 42 1495505
301018665:ID-9:GUOGE--stats: 1 313 245 0 1 1286420
301020924:ID-19:GUOGE--stats: 1 522 243 0 23 956225
301041412:ID-5:GUOGE--stats: 1 328 248 0 15 517030
301049039:ID-26:GUOGE--stats: 1 357 246 0 5 1038060
301093275:ID-17:GUOGE--stats: 1 275 240 0 39 1151005
301168267:ID-13:GUOGE--stats: 1 365 235 0 64 1700735
301191218:ID-21:GUOGE--stats: 1 240 221 0 78 3389065
301210321:ID-22:GUOGE--stats: 1 379 239 0 33 1269735
301211797:ID-3:GUOGE--stats: 1 395 220 0 87 2732785
301272856:ID-23:GUOGE--stats: 1 441 240 0 42 1281790
