2 360 249 0 13 122
3 395 220 0 87 759
4 403 226 0 84 719
5 328 248 0 15 143
6 357 241 0 44 339
7 338 247 0 20 182
8 376 231 0 60 622
9 313 245 0 1 357
10 268 249 0 0 81
11 319 234 0 35 435
12 340 239 0 46 371
13 365 235 0 64 472
14 334 235 0 55 463
15 437 244 0 28 244
16 305 238 0 42 415
17 275 240 0 39 319
18 336 228 0 64 583
19 522 243 0 23 265
20 384 249 0 1 107
21 240 221 0 78 941
22 379 239 0 33 352
23 441 240 0 42 356
24 349 239 0 43 370
25 393 241 0 38 341
26 357 246 0 5 288
27 447 249 0 0 121
28 375 235 0 51 499
29 285 238 0 51 424
30 468 245 0 22 240
31 306 222 0 92 715
1:10795, 7156, 0, 1176, 11645
