350291419:ID-9:GUOGE--stats: 1 395 286 0 57 1716895
350415595:ID-8:GUOGE--stats: 1 354 287 0 52 1404175
350472858:ID-6:GUOGE--stats: 1 350 292 0 27 1024775
350476893:ID-18:GUOGE--stats: 1 325 287 0 48 1290520
350519986:ID-17:GUOGE--stats: 1 391 288 0 44 1424965
350527218:ID-2:GUOGE--stats: 1 380 292 0 39 1069665
350529525:ID-26:GUOGE--stats: 1 407 283 0 62 2131200
350556782:ID-27:GUOGE--stats: 1 498 286 0 41 1635805
350576454:ID-12:GUOGE--stats: 1 389 285 0 54 1846965
350614103:ID-20:GUOGE--stats: 1 412 284 0 57 1870560
350638982:ID-14:GUOGE--stats: 1 410 285 0 61 1692010
350661951:ID-16:GUOGE--stats: 1 385 287 0 46 1401595
350721190:ID-29:GUOGE--stats: 1 380 282 0 76 2106820
350738168:ID-23:GUOGE--stats: 1 394 279 0 76 2309245
350754004:ID-13:GUOGE--stats: 1 421 280 0 69 1979330
350771273:ID-25:GUOGE--stats: 1 401 281 0 73 2047815
350865578:ID-10:GUOGE--stats: 1 342 285 0 66 1753590
350883400:ID-4:GUOGE--stats: 1 403 280 0 76 2194585
350885332:ID-11:GUOGE--stats: 1 392 292 0 35 1120445
350910269:ID-15:GUOGE--stats: 1 347 290 0 39 1229720
350951861:ID-7:GUOGE--stats: 1 362 289 0 43 1361085
351018313:ID-3:GUOGE--stats: 1 359 289 0 42 1291815
351066421:ID-1:GUOGE--stats: 1 6 0 0 0 0
351092279:ID-31:GUOGE--stats: 1 455 285 0 53 2065020
351097118:ID-19:GUOGE--stats: 1 357 281 0 69 1930850
351106019:ID-22:GUOGE--stats: 1 353 298 0 3 537055
351138114:ID-5:GUOGE--stats: 1 361 294 0 24 852615
351144913:ID-21:GUOGE--stats: 1 432 288 0 52 1732805
351263964:ID-28:GUOGE--stats: 1 468 292 0 24 1392365
351273737:ID-24:GUOGE--stats: 1 374 283 0 60 1713800
351279875:ID-30:GUOGE--stats: 1 471 282 0 85 2417235
