2 380 292 0 39 297
3 359 289 0 42 358
4 403 280 0 76 609
5 361 294 0 24 236
6 350 292 0 27 284
7 362 289 0 43 378
8 354 287 0 52 390
9 395 286 0 57 476
10 342 285 0 66 487
11 392 292 0 35 311
12 389 285 0 54 513
13 421 280 0 69 549
14 410 285 0 61 470
15 347 290 0 39 341
16 385 287 0 46 389
17 391 288 0 44 395
18 325 287 0 48 358
19 357 281 0 69 536
20 412 284 0 57 519
21 432 288 0 52 481
22 353 298 0 3 149
23 394 279 0 76 641
24 374 283 0 60 476
25 401 281 0 73 568
26 407 283 0 62 592
27 498 286 0 41 454
28 468 292 0 24 386
29 380 282 0 76 585
30 471 282 0 85 671
31 455 285 0 53 573
1:11768, 8592, 0, 1553, 13472
351069849:ID-1:GUOGE--delays: 628 419
