350295827:ID-22:GUOGE--stats: 1 536 294 471 35 1066260
350323756:ID-18:GUOGE--stats: 1 349 273 194 98 2757420
350393755:ID-8:GUOGE--stats: 1 369 288 86 39 1443170
350405850:ID-30:GUOGE--stats: 1 421 297 220 22 703555
350447317:ID-13:GUOGE--stats: 1 367 284 118 57 1670715
350507439:ID-28:GUOGE--stats: 1 400 288 95 40 1640725
350557195:ID-3:GUOGE--stats: 1 431 272 205 93 2624265
350563364:ID-16:GUOGE--stats: 1 337 293 214 36 1296915
350573062:ID-9:GUOGE--stats: 1 357 295 222 3 1306170
350591300:ID-5:GUOGE--stats: 1 374 299 320 12 573955
350605416:ID-15:GUOGE--stats: 1 370 297 320 21 694540
350642669:ID-27:GUOGE--stats: 1 545 300 21 0 484175
350654780:ID-26:GUOGE--stats: 1 398 296 275 2 968535
350732466:ID-24:GUOGE--stats: 1 373 288 269 42 1529840
350738702:ID-10:GUOGE--stats: 1 315 300 0 1 274120
350752534:ID-7:GUOGE--stats: 1 364 299 325 16 545475
350785734:ID-23:GUOGE--stats: 1 421 289 313 49 1484435
350830028:ID-11:GUOGE--stats: 1 335 273 168 87 2816930
350998478:ID-12:GUOGE--stats: 1 368 276 238 86 2349505
351006891:ID-29:GUOGE--stats: 1 319 292 11 29 977015
351077841:ID-25:GUOGE--stats: 1 459 298 408 19 722235
351098880:ID-31:GUOGE--stats: 1 319 257 62 129 4329250
351156428:ID-14:GUOGE--stats: 1 353 292 271 35 1179410
351160321:ID-20:GUOGE--stats: 1 314 300 0 0 274625
351190860:ID-17:GUOGE--stats: 1 323 288 0 47 1306210
351193252:ID-4:GUOGE--stats: 1 336 286 0 57 1633540
351198443:ID-2:GUOGE--stats: 1 327 300 271 14 572160
351229763:ID-6:GUOGE--stats: 1 387 278 229 83 2165570
351257956:ID-19:GUOGE--stats: 1 456 284 339 61 1945440
351275204:ID-1:GUOGE--stats: 1 6 0 0 0 0
351281488:ID-21:GUOGE--stats: 1 291 271 45 115 4029360
