2 327 300 271 14 158
3 431 272 205 93 728
4 336 286 0 57 453
5 374 299 320 12 159
6 387 278 229 83 601
7 364 299 325 16 151
8 369 288 86 39 400
9 357 295 222 3 362
10 315 300 0 1 76
11 335 273 168 87 782
12 368 276 238 86 652
13 367 284 118 57 464
14 353 292 271 35 327
15 370 297 320 21 192
16 337 293 214 36 360
17 323 288 0 47 362
18 349 273 194 98 765
19 456 284 339 61 540
20 314 300 0 0 76
21 291 271 45 115 1119
22 536 294 471 35 296
23 421 289 313 49 412
24 373 288 269 42 424
25 459 298 408 19 200
26 398 296 275 2 269
27 545 300 21 0 134
28 400 288 95 40 455
29 319 292 11 29 271
30 421 297 220 22 195
31 319 257 62 129 1202
1:11314, 8647, 5710, 1328, 12585
351278982:ID-1:GUOGE--delays: 1100 592
