350339235:ID-15:GUOGE--stats: 1 355 288 66 50 1356200
350398389:ID-22:GUOGE--stats: 1 641 297 119 3 763310
350420872:ID-26:GUOGE--stats: 1 472 291 131 31 1291810
350446660:ID-5:GUOGE--stats: 1 332 293 26 31 891615
350506015:ID-23:GUOGE--stats: 1 375 284 33 58 1661735
350603554:ID-4:GUOGE--stats: 1 352 293 54 38 980385
350640602:ID-7:GUOGE--stats: 1 371 284 65 57 1687910
350661972:ID-1:GUOGE--stats: 1 6 0 0 0 0
350727587:ID-13:GUOGE--stats: 1 347 287 10 50 1354405
350736153:ID-9:GUOGE--stats: 1 342 288 18 46 1200740
350765390:ID-19:GUOGE--stats: 1 443 281 60 52 2173010
350775933:ID-8:GUOGE--stats: 1 341 281 81 70 1928550
350806274:ID-29:GUOGE--stats: 1 499 283 130 53 2150425
350811229:ID-30:GUOGE--stats: 1 512 285 157 45 1975745
350813539:ID-31:GUOGE--stats: 1 454 291 81 25 1265635
350893545:ID-2:GUOGE--stats: 1 427 286 110 60 1860575
350946938:ID-25:GUOGE--stats: 1 363 286 3 58 1576055
350948390:ID-20:GUOGE--stats: 1 342 280 80 70 1973950
351006330:ID-3:GUOGE--stats: 1 404 288 113 51 1489860
351060493:ID-10:GUOGE--stats: 1 333 293 51 35 914705
351078046:ID-27:GUOGE--stats: 1 716 288 64 30 1614005
351085410:ID-17:GUOGE--stats: 1 556 283 55 52 2262285
351119367:ID-14:GUOGE--stats: 1 327 285 77 62 1664825
351126913:ID-16:GUOGE--stats: 1 467 282 141 67 2195595
351127442:ID-28:GUOGE--stats: 1 487 294 68 9 1365685
351142248:ID-24:GUOGE--stats: 1 340 291 64 31 1517045
351155689:ID-18:GUOGE--stats: 1 518 283 204 51 2268675
351158781:ID-11:GUOGE--stats: 1 462 282 153 57 2171710
351160657:ID-6:GUOGE--stats: 1 332 285 32 57 2078625
351243140:ID-12:GUOGE--stats: 1 336 290 72 45 1422390
351436295:ID-21:GUOGE--stats: 1 481 284 115 52 2041140
