2 427 286 110 60 516
3 404 288 113 51 413
4 352 293 54 38 272
5 332 293 26 31 247
6 332 285 32 57 577
7 371 284 65 57 468
8 341 281 81 70 535
9 342 288 18 46 333
10 333 293 51 35 254
11 462 282 153 57 603
12 336 290 72 45 395
13 347 287 10 50 376
14 327 285 77 62 462
15 355 288 66 50 376
16 467 282 141 67 609
17 556 283 55 52 628
18 518 283 204 51 630
19 443 281 60 52 603
20 342 280 80 70 548
21 481 284 115 52 566
22 641 297 119 3 212
23 375 284 33 58 461
24 340 291 64 31 421
25 363 286 3 58 437
26 472 291 131 31 358
27 716 288 64 30 448
28 487 294 68 9 379
29 499 283 130 53 597
30 512 285 157 45 548
31 454 291 81 25 351
1:12727, 8606, 2433, 1396, 13623
350665747:ID-1:GUOGE--delays: 1076 494
