350299348:ID-17:GUOGE--stats: 1 321 292 0 34 1001180
350331706:ID-5:GUOGE--stats: 1 363 299 0 16 575750
350375474:ID-6:GUOGE--stats: 1 389 270 0 106 2745605
350473631:ID-1:GUOGE--stats: 1 5 0 0 0 0
350475767:ID-20:GUOGE--stats: 1 314 300 0 0 366200
350523261:ID-25:GUOGE--stats: 1 454 294 0 35 1055735
350554840:ID-13:GUOGE--stats: 1 401 286 0 69 1869775
350621138:ID-10:GUOGE--stats: 1 357 300 0 0 281800
350632638:ID-7:GUOGE--stats: 1 402 298 0 19 661435
350644191:ID-15:GUOGE--stats: 1 489 294 0 30 1101410
350677430:ID-30:GUOGE--stats: 1 547 295 0 21 934680
350681483:ID-24:GUOGE--stats: 1 397 293 0 37 1178120
350701067:ID-31:GUOGE--stats: 1 347 258 0 131 3810265
350758211:ID-9:GUOGE--stats: 1 368 295 0 0 1088115
350852332:ID-16:GUOGE--stats: 1 364 292 0 36 1279715
350852614:ID-11:GUOGE--stats: 1 340 274 0 87 2727150
350866079:ID-27:GUOGE--stats: 1 610 300 0 1 536245
350868707:ID-14:GUOGE--stats: 1 371 286 0 52 1717365
350872926:ID-28:GUOGE--stats: 1 487 288 0 29 1651720
350875555:ID-3:GUOGE--stats: 1 397 281 0 73 2115800
350937444:ID-8:GUOGE--stats: 1 528 278 0 81 2794625
350962904:ID-22:GUOGE--stats: 1 506 292 0 27 1235590
350984382:ID-23:GUOGE--stats: 1 545 294 0 31 1007255
350985183:ID-21:GUOGE--stats: 1 311 295 0 14 822350
351131740:ID-4:GUOGE--stats: 1 319 290 0 41 1242825
351227629:ID-18:GUOGE--stats: 1 361 263 0 107 3268185
351245838:ID-19:GUOGE--stats: 1 419 273 0 83 2738425
351249441:ID-26:GUOGE--stats: 1 403 294 0 2 1352320
351271340:ID-2:GUOGE--stats: 1 416 299 0 17 649115
351283815:ID-12:GUOGE--stats: 1 379 285 0 58 1628870
351347808:ID-29:GUOGE--stats: 1 356 289 0 53 1555265
