2 416 299 0 17 180
3 397 281 0 73 587
4 319 290 0 41 345
5 363 299 0 16 159
6 389 270 0 106 762
7 402 298 0 19 183
8 528 278 0 81 776
9 368 295 0 0 302
10 357 300 0 0 78
11 340 274 0 87 757
12 379 285 0 58 452
13 401 286 0 69 519
14 371 286 0 52 477
15 489 294 0 30 305
16 364 292 0 36 355
17 321 292 0 34 278
18 361 263 0 107 907
19 419 273 0 83 760
20 314 300 0 0 101
21 311 295 0 14 228
22 506 292 0 27 343
23 545 294 0 31 279
24 397 293 0 37 327
25 454 294 0 35 293
26 403 294 0 2 375
27 610 300 0 1 148
28 487 288 0 29 458
29 356 289 0 53 432
30 547 295 0 21 259
31 347 258 0 131 1058
1:12261, 8647, 0, 1290, 12483
350477410:ID-1:GUOGE--delays: 1125 634
