300319509:ID-24:GUOGE--stats: 1 341 234 0 61 1961380
300356987:ID-8:GUOGE--stats: 1 345 236 0 45 1450105
300433043:ID-28:GUOGE--stats: 1 434 244 0 8 1276160
300474772:ID-11:GUOGE--stats: 1 438 234 0 64 1907005
300511037:ID-31:GUOGE--stats: 1 357 237 0 55 1837740
300520069:ID-2:GUOGE--stats: 1 341 245 0 24 671515
300528334:ID-30:GUOGE--stats: 1 371 237 0 57 1777445
300534947:ID-6:GUOGE--stats: 1 404 233 0 49 1926505
300632574:ID-4:GUOGE--stats: 1 312 241 0 35 1046830
300662254:ID-1:GUOGE--stats: 1 5 0 0 0 0
300678535:ID-27:GUOGE--stats: 1 455 238 0 33 1717145
300685988:ID-7:GUOGE--stats: 1 282 241 0 39 1127915
300734313:ID-14:GUOGE--stats: 1 331 235 0 57 1489610
300746787:ID-15:GUOGE--stats: 1 307 232 0 59 1596595
300756709:ID-20:GUOGE--stats: 1 305 238 0 45 1246675
300756813:ID-16:GUOGE--stats: 1 299 244 0 37 980645
300764101:ID-25:GUOGE--stats: 1 377 230 0 70 1980880
300840783:ID-10:GUOGE--stats: 1 308 232 0 59 1757440
300877899:ID-12:GUOGE--stats: 1 276 248 0 6 403410
300916740:ID-18:GUOGE--stats: 1 359 240 0 40 1474210
300921272:ID-29:GUOGE--stats: 1 351 233 0 70 2123265
300946619:ID-22:GUOGE--stats: 1 327 248 0 4 644300
300992702:ID-9:GUOGE--stats: 1 275 234 0 56 1483725
300999421:ID-5:GUOGE--stats: 1 381 231 0 66 1996280
301003364:ID-19:GUOGE--stats: 1 294 233 0 61 1575295
301096252:ID-17:GUOGE--stats: 1 331 234 0 63 1990390
301153585:ID-26:GUOGE--stats: 1 348 232 0 72 2258725
301168105:ID-13:GUOGE--stats: 1 353 231 0 65 1995495
301183558:ID-3:GUOGE--stats: 1 360 234 0 52 1881615
301190966:ID-21:GUOGE--stats: 1 276 240 0 37 1060935
301246139:ID-23:GUOGE--stats: 1 416 225 0 84 2666100
