150291765:ID-21:GUOGE--stats: 1 138 88 61 43 1150510
150343851:ID-4:GUOGE--stats: 1 138 91 67 26 821380
150439289:ID-1:GUOGE--stats: 1 5 0 0 0 0
150465118:ID-10:GUOGE--stats: 1 120 98 18 11 336010
150471349:ID-28:GUOGE--stats: 1 120 98 57 3 382690
150534397:ID-27:GUOGE--stats: 1 164 91 2 22 887060
150651539:ID-7:GUOGE--stats: 1 170 86 12 50 1260580
150652904:ID-25:GUOGE--stats: 1 127 88 55 46 1197985
150665835:ID-12:GUOGE--stats: 1 133 93 44 26 796500
150695597:ID-19:GUOGE--stats: 1 122 84 11 54 1347550
150725718:ID-23:GUOGE--stats: 1 143 89 3 41 1017635
150733130:ID-11:GUOGE--stats: 1 203 91 91 29 955550
150812478:ID-9:GUOGE--stats: 1 134 91 2 40 1021240
150857428:ID-8:GUOGE--stats: 1 125 88 62 32 864480
150861608:ID-29:GUOGE--stats: 1 140 88 44 40 1213895
150923708:ID-5:GUOGE--stats: 1 138 91 5 32 883975
150936889:ID-16:GUOGE--stats: 1 136 92 64 27 776995
151006083:ID-2:GUOGE--stats: 1 145 99 29 10 246735
151037222:ID-26:GUOGE--stats: 1 131 91 72 35 905275
151062701:ID-17:GUOGE--stats: 1 154 89 11 46 1194390
151078202:ID-13:GUOGE--stats: 1 128 86 53 50 1217480
151086563:ID-15:GUOGE--stats: 1 131 89 57 45 1130005
151093479:ID-6:GUOGE--stats: 1 188 93 73 18 908865
151105920:ID-22:GUOGE--stats: 1 128 99 44 2 209525
151134182:ID-14:GUOGE--stats: 1 127 93 78 29 710810
151173713:ID-30:GUOGE--stats: 1 163 92 98 26 755700
151176846:ID-3:GUOGE--stats: 1 121 90 52 37 1106910
151195937:ID-31:GUOGE--stats: 1 144 95 5 29 685425
151326369:ID-20:GUOGE--stats: 1 113 92 64 31 775205
151416089:ID-18:GUOGE--stats: 1 114 92 72 27 666430
151578596:ID-24:GUOGE--stats: 1 131 93 48 27 732615
