2 145 99 29 10 68
3 121 90 52 37 307
4 138 91 67 26 228
5 138 91 5 32 245
6 188 93 73 18 252
7 170 86 12 50 350
8 125 88 62 32 240
9 134 91 2 40 283
10 120 98 18 11 93
11 203 91 91 29 265
12 133 93 44 26 221
13 128 86 53 50 338
14 127 93 78 29 197
15 131 89 57 45 313
16 136 92 64 27 215
17 154 89 11 46 331
18 114 92 72 27 185
19 122 84 11 54 374
20 113 92 64 31 215
21 138 88 61 43 319
22 128 99 44 2 58
23 143 89 3 41 282
24 131 93 48 27 203
25 127 88 55 46 332
26 131 91 72 35 251
27 164 91 2 22 246
28 120 98 57 3 106
29 140 88 44 40 337
30 163 92 98 26 209
31 144 95 5 29 190
1:4169, 2740, 1354, 934, 7253
150442666:ID-1:GUOGE--delays: 175 717
