2 83 65 5 59
3 63 11 31 248
4 56 43 2 29
5 54 0 34 272
6 94 82 2 23
7 56 12 30 236
8 59 41 3 35
9 43 2 30 218
10 61 38 3 41
11 49 0 33 255
12 49 35 2 29
13 49 1 35 242
14 71 45 3 42
15 56 0 37 272
16 57 43 3 23
17 59 11 37 272
18 81 44 3 54
19 69 5 39 278
20 64 42 2 30
21 50 2 40 272
22 88 49 2 24
23 79 11 37 273
24 71 42 2 41
25 54 3 35 255
26 56 42 3 23
27 70 0 22 194
28 70 42 3 30
29 60 8 32 249
30 49 33 2 35
31 28 0 20 144
2 156 88 31 315
3 204 126 21 249
4 136 17 43 425
5 4 0 0 33
6 2 0 0 14
7 149 65 34 322
8 180 139 37 291
9 12 0 5 77
10 3 0 0 15
11 1 0 0 20
12 307 200 25 297
13 83 11 30 303
14 45 28 12 120
15 4 0 0 27
16 5 1 0 21
17 185 13 41 481
18 202 138 13 213
19 1 0 0 39
20 2 1 0 27
21 1 0 1 21
22 232 108 0 67
23 72 8 30 272
24 194 127 21 249
25 74 0 39 351
26 180 97 2 144
27 334 0 13 232
28 542 407 2 190
29 403 91 29 433
30 330 169 17 305
31 227 31 42 492
