2 234 139 72 43 382
3 208 138 105 45 365
4 176 140 49 32 284
5 201 139 15 45 376
6 243 139 118 36 303
7 231 137 81 56 413
8 182 135 94 53 402
9 197 141 13 43 320
10 188 138 102 38 323
11 210 143 41 35 302
12 200 142 62 32 266
13 178 141 2 35 271
14 190 133 94 56 414
15 197 136 49 54 389
16 205 141 87 31 321
17 222 134 40 57 467
18 204 143 65 27 249
19 194 134 30 62 450
20 193 139 87 42 335
21 250 136 30 57 455
22 188 150 99 3 72
23 245 131 90 60 513
24 204 146 48 16 181
25 201 138 9 42 328
26 164 149 27 9 82
27 306 138 26 35 402
28 216 147 76 4 151
29 183 140 20 34 290
30 185 147 43 12 131
31 164 145 0 22 173
1:6159, 4199, 1674, 1116, 9410
