100322219:ID-24:GUOGE--stats: 1 71 42 2 150020
100367968:ID-8:GUOGE--stats: 1 59 41 3 128230
100434282:ID-28:GUOGE--stats: 1 70 42 3 108730
100472551:ID-11:GUOGE--stats: 1 49 0 33 918130
100485637:ID-31:GUOGE--stats: 1 28 0 20 520235
100518632:ID-2:GUOGE--stats: 1 83 65 5 215710
100525500:ID-30:GUOGE--stats: 1 49 33 2 128230
100548170:ID-6:GUOGE--stats: 1 94 82 2 85640
100621834:ID-18:GUOGE--stats: 1 81 44 3 196210
100635586:ID-4:GUOGE--stats: 1 56 43 2 105135
100661469:ID-1:GUOGE--stats: 1 0 0 0 0
100685764:ID-27:GUOGE--stats: 1 70 0 22 698785
100744807:ID-14:GUOGE--stats: 1 71 45 3 151820
100749497:ID-25:GUOGE--stats: 1 54 3 35 919135
100760175:ID-16:GUOGE--stats: 1 57 43 3 85640
100773949:ID-20:GUOGE--stats: 1 64 42 2 108730
100838562:ID-10:GUOGE--stats: 1 61 38 3 150025
100875807:ID-12:GUOGE--stats: 1 49 35 2 105140
100902971:ID-7:GUOGE--stats: 1 56 12 30 852450
100958093:ID-22:GUOGE--stats: 1 88 49 2 87435
100990552:ID-9:GUOGE--stats: 1 43 2 30 786260
101001279:ID-5:GUOGE--stats: 1 54 0 34 981730
101021806:ID-15:GUOGE--stats: 1 56 0 37 980725
101139230:ID-26:GUOGE--stats: 1 56 42 3 85640
101165944:ID-13:GUOGE--stats: 1 49 1 35 873735
101192925:ID-21:GUOGE--stats: 1 50 2 40 982515
101337269:ID-17:GUOGE--stats: 1 59 11 37 981735
101338959:ID-29:GUOGE--stats: 1 60 8 32 896835
101373565:ID-19:GUOGE--stats: 1 69 5 39 1004315
101446457:ID-23:GUOGE--stats: 1 79 11 37 984820
101493588:ID-3:GUOGE--stats: 1 63 11 31 895040
310371645:ID-24:GUOGE--stats: 2 194 127 21 899105
310471446:ID-11:GUOGE--stats: 2 1 0 0 74605
310490743:ID-28:GUOGE--stats: 2 542 407 2 684355
310518359:ID-31:GUOGE--stats: 2 227 31 42 1771595
310519372:ID-2:GUOGE--stats: 2 156 88 31 1134350
310536796:ID-30:GUOGE--stats: 2 330 169 17 1098155
310548103:ID-6:GUOGE--stats: 2 2 0 0 53310
310558710:ID-8:GUOGE--stats: 2 180 139 37 1050465
310636946:ID-18:GUOGE--stats: 2 202 138 13 767235
310661469:ID-1:GUOGE--stats: 2 0 0 0 0
310706506:ID-27:GUOGE--stats: 2 334 0 13 836995
310748074:ID-14:GUOGE--stats: 2 45 28 12 432715
310749825:ID-25:GUOGE--stats: 2 74 0 39 1264415
310761828:ID-16:GUOGE--stats: 2 5 1 0 76395
310776874:ID-20:GUOGE--stats: 2 2 1 0 98700
310817294:ID-4:GUOGE--stats: 2 136 17 43 1532240
310837467:ID-10:GUOGE--stats: 2 3 0 0 55110
310885569:ID-12:GUOGE--stats: 2 307 200 25 1072770
310988455:ID-22:GUOGE--stats: 2 232 108 0 242855
310990206:ID-9:GUOGE--stats: 2 12 0 5 277765
311003705:ID-5:GUOGE--stats: 2 4 0 0 122300
311024771:ID-15:GUOGE--stats: 2 4 0 0 98200
311116837:ID-7:GUOGE--stats: 2 149 65 34 1161540
311166599:ID-13:GUOGE--stats: 2 83 11 30 1091760
311194908:ID-21:GUOGE--stats: 2 1 0 1 76905
311237739:ID-26:GUOGE--stats: 2 180 97 2 520705
311342016:ID-17:GUOGE--stats: 2 185 13 41 1732090
311446129:ID-23:GUOGE--stats: 2 72 8 30 980680
311494995:ID-3:GUOGE--stats: 2 204 126 21 899095
311547405:ID-29:GUOGE--stats: 2 403 91 29 1561735
311586278:ID-19:GUOGE--stats: 2 1 0 0 141800
