200356468:ID-8:GUOGE--stats: 1 182 135 94 53 1448860
200371225:ID-24:GUOGE--stats: 1 204 146 48 16 654860
200429460:ID-28:GUOGE--stats: 1 216 147 76 4 546085
200477466:ID-11:GUOGE--stats: 1 210 143 41 35 1089965
200487099:ID-31:GUOGE--stats: 1 164 145 0 22 624875
200520416:ID-2:GUOGE--stats: 1 234 139 72 43 1375490
200535281:ID-6:GUOGE--stats: 1 243 139 118 36 1091755
200610369:ID-18:GUOGE--stats: 1 204 143 65 27 899595
200635125:ID-4:GUOGE--stats: 1 176 140 49 32 1025570
200661963:ID-1:GUOGE--stats: 1 5 0 0 0 0
200681203:ID-27:GUOGE--stats: 1 306 138 26 35 1449365
200685969:ID-7:GUOGE--stats: 1 231 137 81 56 1490160
200733747:ID-30:GUOGE--stats: 1 185 147 43 12 474010
200751340:ID-15:GUOGE--stats: 1 197 136 49 54 1400880
200755132:ID-25:GUOGE--stats: 1 201 138 9 42 1181035
200841187:ID-10:GUOGE--stats: 1 188 138 102 38 1165120
200856213:ID-14:GUOGE--stats: 1 190 133 94 56 1491945
200883742:ID-12:GUOGE--stats: 1 200 142 62 32 958095
200920533:ID-16:GUOGE--stats: 1 205 141 87 31 1158955
200921239:ID-29:GUOGE--stats: 1 183 140 20 34 1046865
200953433:ID-20:GUOGE--stats: 1 193 139 87 42 1206425
200955664:ID-22:GUOGE--stats: 1 188 150 99 3 262350
200973908:ID-26:GUOGE--stats: 1 164 149 27 9 297260
200992670:ID-9:GUOGE--stats: 1 197 141 13 43 1155365
201003519:ID-19:GUOGE--stats: 1 194 134 30 62 1622020
201011660:ID-5:GUOGE--stats: 1 201 139 15 45 1353920
201093244:ID-17:GUOGE--stats: 1 222 134 40 57 1684110
201167495:ID-13:GUOGE--stats: 1 178 141 2 35 977595
201191038:ID-21:GUOGE--stats: 1 250 136 30 57 1641525
201216288:ID-3:GUOGE--stats: 1 208 138 105 45 1315195
201238510:ID-23:GUOGE--stats: 1 245 131 90 60 1847260
