100322219:ID-24:GUOGE--stats: 1 71 42 2 150020
100367968:ID-8:GUOGE--stats: 1 59 41 3 128230
100434282:ID-28:GUOGE--stats: 1 70 42 3 108730
100472551:ID-11:GUOGE--stats: 1 49 0 33 918130
100485637:ID-31:GUOGE--stats: 1 28 0 20 520235
100518632:ID-2:GUOGE--stats: 1 83 65 5 215710
100525500:ID-30:GUOGE--stats: 1 49 33 2 128230
100548170:ID-6:GUOGE--stats: 1 94 82 2 85640
100621834:ID-18:GUOGE--stats: 1 81 44 3 196210
100635586:ID-4:GUOGE--stats: 1 56 43 2 105135
100661469:ID-1:GUOGE--stats: 1 0 0 0 0
100685764:ID-27:GUOGE--stats: 1 70 0 22 698785
100744807:ID-14:GUOGE--stats: 1 71 45 3 151820
100749497:ID-25:GUOGE--stats: 1 54 3 35 919135
100760175:ID-16:GUOGE--stats: 1 57 43 3 85640
100773949:ID-20:GUOGE--stats: 1 64 42 2 108730
100838562:ID-10:GUOGE--stats: 1 61 38 3 150025
100875807:ID-12:GUOGE--stats: 1 49 35 2 105140
100902971:ID-7:GUOGE--stats: 1 56 12 30 852450
100958093:ID-22:GUOGE--stats: 1 88 49 2 87435
100990552:ID-9:GUOGE--stats: 1 43 2 30 786260
101001279:ID-5:GUOGE--stats: 1 54 0 34 981730
101021806:ID-15:GUOGE--stats: 1 56 0 37 980725
101139230:ID-26:GUOGE--stats: 1 56 42 3 85640
101165944:ID-13:GUOGE--stats: 1 49 1 35 873735
101192925:ID-21:GUOGE--stats: 1 50 2 40 982515
101337269:ID-17:GUOGE--stats: 1 59 11 37 981735
101338959:ID-29:GUOGE--stats: 1 60 8 32 896835
101373565:ID-19:GUOGE--stats: 1 69 5 39 1004315
101446457:ID-23:GUOGE--stats: 1 79 11 37 984820
101493588:ID-3:GUOGE--stats: 1 63 11 31 895040
