2 239 146 0 23 169
3 230 136 0 49 439
4 209 141 0 34 267
5 241 136 0 51 408
6 256 138 0 35 383
7 180 141 0 38 296
8 206 138 0 40 336
9 174 134 0 56 389
10 195 136 0 46 353
11 289 138 0 49 396
12 174 148 0 6 95
13 223 132 0 64 488
14 209 136 0 51 359
15 201 132 0 58 414
16 183 146 0 23 157
17 216 140 0 42 321
18 205 147 0 15 177
19 191 133 0 60 414
20 195 138 0 41 299
21 175 141 0 37 266
22 207 149 0 3 98
23 245 131 0 58 507
24 215 144 0 25 263
25 209 137 0 43 323
26 194 139 0 47 364
27 264 142 0 20 287
28 272 147 0 4 177
29 220 138 0 51 414
30 229 140 0 41 341
31 232 140 0 39 321
1:6478, 4184, 0, 1149, 132966
