100334948:ID-24:GUOGE--stats: 1 63 0 3 106930
100375882:ID-8:GUOGE--stats: 1 62 0 3 87430
100438974:ID-28:GUOGE--stats: 1 63 0 3 106930
100486044:ID-31:GUOGE--stats: 1 35 0 29 741370
100531186:ID-2:GUOGE--stats: 1 70 0 3 128225
100537920:ID-6:GUOGE--stats: 1 74 0 3 106935
100542843:ID-30:GUOGE--stats: 1 61 0 3 85635
100614035:ID-18:GUOGE--stats: 1 51 0 2 106930
100641128:ID-11:GUOGE--stats: 1 51 0 35 938130
100649919:ID-4:GUOGE--stats: 1 63 0 3 87435
100661786:ID-1:GUOGE--stats: 1 0 0 0 0
100752939:ID-14:GUOGE--stats: 1 62 0 3 108730
100760014:ID-20:GUOGE--stats: 1 62 0 3 108725
100775070:ID-16:GUOGE--stats: 1 61 0 5 108725
100845397:ID-27:GUOGE--stats: 1 65 0 19 632595
100860561:ID-10:GUOGE--stats: 1 61 0 3 108725
100893078:ID-12:GUOGE--stats: 1 75 0 3 110525
100942133:ID-25:GUOGE--stats: 1 62 0 38 961225
100967269:ID-22:GUOGE--stats: 1 74 0 1 89225
100984103:ID-7:GUOGE--stats: 1 55 0 36 898630
100989035:ID-26:GUOGE--stats: 1 61 0 4 106935
101068308:ID-29:GUOGE--stats: 1 54 0 37 1026120
101091448:ID-17:GUOGE--stats: 1 56 0 33 854235
101125850:ID-15:GUOGE--stats: 1 56 0 38 939930
101173364:ID-19:GUOGE--stats: 1 54 0 40 959420
101192544:ID-21:GUOGE--stats: 1 56 0 38 959430
101227550:ID-23:GUOGE--stats: 1 51 0 37 941725
101284994:ID-5:GUOGE--stats: 1 52 0 36 961225
101386742:ID-9:GUOGE--stats: 1 61 0 40 982520
101591531:ID-13:GUOGE--stats: 1 69 0 40 982515
101688072:ID-3:GUOGE--stats: 1 64 0 35 963020
