200330418:ID-24:GUOGE--stats: 1 215 144 0 25 947575
200443160:ID-28:GUOGE--stats: 1 272 147 0 4 638950
200486284:ID-11:GUOGE--stats: 1 289 138 0 49 1427565
200519981:ID-2:GUOGE--stats: 1 239 146 0 23 611770
200542369:ID-30:GUOGE--stats: 1 229 140 0 41 1229510
200572072:ID-31:GUOGE--stats: 1 232 140 0 39 1157435
200617405:ID-18:GUOGE--stats: 1 205 147 0 15 638955
200632205:ID-4:GUOGE--stats: 1 209 141 0 34 963485
200662235:ID-1:GUOGE--stats: 1 5 0 0 0 0
200678194:ID-27:GUOGE--stats: 1 264 142 0 20 1033255
200685961:ID-7:GUOGE--stats: 1 180 141 0 38 1068165
200713416:ID-6:GUOGE--stats: 1 256 138 0 35 1380880
200746825:ID-15:GUOGE--stats: 1 201 132 0 58 1491450
200756753:ID-20:GUOGE--stats: 1 195 138 0 41 1077640
200756865:ID-16:GUOGE--stats: 1 183 146 0 23 566880
200797227:ID-8:GUOGE--stats: 1 206 138 0 40 1210015
200877863:ID-12:GUOGE--stats: 1 174 148 0 6 343155
200904650:ID-25:GUOGE--stats: 1 209 137 0 43 1165125
200962021:ID-22:GUOGE--stats: 1 207 149 0 3 355215
200974729:ID-26:GUOGE--stats: 1 194 139 0 47 1312900
200992678:ID-9:GUOGE--stats: 1 174 134 0 56 1402170
201003336:ID-19:GUOGE--stats: 1 191 133 0 60 1491450
201008906:ID-5:GUOGE--stats: 1 241 136 0 51 1470150
201041086:ID-10:GUOGE--stats: 1 195 136 0 46 1273895
201170530:ID-29:GUOGE--stats: 1 220 138 0 51 1491450
201183603:ID-13:GUOGE--stats: 1 223 132 0 64 1758490
201183727:ID-3:GUOGE--stats: 1 230 136 0 49 1580725
201190532:ID-21:GUOGE--stats: 1 175 141 0 37 959390
201202086:ID-14:GUOGE--stats: 1 209 136 0 51 1295700
201323719:ID-17:GUOGE--stats: 1 216 140 0 42 1156930
201500568:ID-23:GUOGE--stats: 1 245 131 0 58 1827255
