100334948:ID-24:GUOGE--stats: 1 63 0 3 106930
100375882:ID-8:GUOGE--stats: 1 62 0 3 87430
100438974:ID-28:GUOGE--stats: 1 63 0 3 106930
100486044:ID-31:GUOGE--stats: 1 35 0 29 741370
100531186:ID-2:GUOGE--stats: 1 70 0 3 128225
100537920:ID-6:GUOGE--stats: 1 74 0 3 106935
100542843:ID-30:GUOGE--stats: 1 61 0 3 85635
100614035:ID-18:GUOGE--stats: 1 51 0 2 106930
100641128:ID-11:GUOGE--stats: 1 51 0 35 938130
100649919:ID-4:GUOGE--stats: 1 63 0 3 87435
100661786:ID-1:GUOGE--stats: 1 0 0 0 0
100752939:ID-14:GUOGE--stats: 1 62 0 3 108730
100760014:ID-20:GUOGE--stats: 1 62 0 3 108725
100775070:ID-16:GUOGE--stats: 1 61 0 5 108725
100845397:ID-27:GUOGE--stats: 1 65 0 19 632595
100860561:ID-10:GUOGE--stats: 1 61 0 3 108725
100893078:ID-12:GUOGE--stats: 1 75 0 3 110525
100942133:ID-25:GUOGE--stats: 1 62 0 38 961225
100967269:ID-22:GUOGE--stats: 1 74 0 1 89225
100984103:ID-7:GUOGE--stats: 1 55 0 36 898630
100989035:ID-26:GUOGE--stats: 1 61 0 4 106935
101068308:ID-29:GUOGE--stats: 1 54 0 37 1026120
101091448:ID-17:GUOGE--stats: 1 56 0 33 854235
101125850:ID-15:GUOGE--stats: 1 56 0 38 939930
101173364:ID-19:GUOGE--stats: 1 54 0 40 959420
101192544:ID-21:GUOGE--stats: 1 56 0 38 959430
101227550:ID-23:GUOGE--stats: 1 51 0 37 941725
101284994:ID-5:GUOGE--stats: 1 52 0 36 961225
101386742:ID-9:GUOGE--stats: 1 61 0 40 982520
101591531:ID-13:GUOGE--stats: 1 69 0 40 982515
101688072:ID-3:GUOGE--stats: 1 64 0 35 963020
310340492:ID-24:GUOGE--stats: 2 99 0 8 390125
310378542:ID-8:GUOGE--stats: 2 42 0 12 433220
310439685:ID-28:GUOGE--stats: 2 212 0 0 524285
310484952:ID-31:GUOGE--stats: 2 2 0 0 55105
310533365:ID-2:GUOGE--stats: 2 1 0 0 100500
310539820:ID-6:GUOGE--stats: 2 54 0 2 257255
310541333:ID-30:GUOGE--stats: 2 17 0 0 99995
310654073:ID-4:GUOGE--stats: 2 168 0 8 413215
310661786:ID-1:GUOGE--stats: 2 0 0 0 0
310690851:ID-11:GUOGE--stats: 2 4 0 1 143595
310756571:ID-14:GUOGE--stats: 2 191 0 40 1340085
310761978:ID-20:GUOGE--stats: 2 87 0 29 875505
310778754:ID-16:GUOGE--stats: 2 68 0 25 850615
310847747:ID-27:GUOGE--stats: 2 347 0 20 1145120
310862252:ID-10:GUOGE--stats: 2 89 0 27 849320
310874301:ID-18:GUOGE--stats: 2 145 0 13 479910
310943878:ID-25:GUOGE--stats: 2 9 0 0 166685
310988037:ID-7:GUOGE--stats: 2 2 0 1 121795
310988057:ID-22:GUOGE--stats: 2 336 0 3 314425
311092207:ID-17:GUOGE--stats: 2 189 0 44 1799565
311151089:ID-12:GUOGE--stats: 2 291 0 12 570975
311159973:ID-26:GUOGE--stats: 2 20 0 2 123080
311173281:ID-19:GUOGE--stats: 2 53 0 27 875500
311195516:ID-21:GUOGE--stats: 2 6 0 0 100495
311317095:ID-5:GUOGE--stats: 2 69 0 14 696445
311324851:ID-29:GUOGE--stats: 2 3 0 1 144890
311386083:ID-23:GUOGE--stats: 2 112 0 48 1492740
311392691:ID-15:GUOGE--stats: 2 119 0 8 529675
311544894:ID-9:GUOGE--stats: 2 60 0 22 741835
311846186:ID-13:GUOGE--stats: 2 149 0 23 1139740
311869209:ID-3:GUOGE--stats: 2 71 0 23 915790
