03:22.829	ID:8	GUOGE--stats: 1 98 39 1 330558 2940632 130310 106638
03:22.947	ID:11	GUOGE--stats: 1 99 4 0 272582 2991681 106998 64294
03:23.016	ID:6	GUOGE--stats: 1 100 113 2 194854 3067875 22080 98309
03:23.129	ID:1	GUOGE--stats: 1 0 0 0 0 0 0 0
03:23.159	ID:7	GUOGE--stats: 1 87 43 11 875699 2394729 511345 263907
03:23.313	ID:10	GUOGE--stats: 1 96 35 1 366292 2898774 169891 116934
03:23.468	ID:9	GUOGE--stats: 1 100 98 1 206596 3068466 17203 81372
03:23.476	ID:5	GUOGE--stats: 1 86 69 16 983987 2289281 559209 285175
03:23.525	ID:4	GUOGE--stats: 1 85 52 17 932153 2325739 558589 278594
03:23.608	ID:2	GUOGE--stats: 1 86 55 13 855591 2424997 496482 256672
03:23.656	ID:3	GUOGE--stats: 1 100 96 2 146630 3117635 17775 96039
