1 1 5 0 5 0 0 1
2 1 181 147 178 2 1 2
3 1 322 148 268 52 1 2
4 1 405 147 308 88 1 2
5 1 357 147 258 94 2 2
6 1 163 147 148 11 2 2
7 1 171 148 95 72 2 2
8 1 187 144 120 26 39 3
9 1 243 145 33 170 32 4
10 1 190 146 30 133 19 3
11 1 227 148 55 159 5 2
12 1 252 146 122 115 14 4
13 1 386 145 121 255 9 2
14 1 324 143 114 183 27 4
15 1 213 146 22 171 12 3
16 1 254 144 50 162 35 4
17 1 167 144 39 94 26 3
18 1 174 143 153 9 8 2
19 1 271 141 155 69 47 3
20 1 176 143 58 69 41 3
21 1 213 142 66 108 32 4
22 1 227 143 51 138 30 3
23 1 181 142 147 0 31 3
24 1 188 143 140 15 31 4
25 1 170 139 121 7 41 4
1 2 1 0 1 0 0 1
2 2 312 296 306 4 3 2
3 2 369 298 336 29 2 2
4 2 775 298 203 572 0 2
5 2 488 297 336 152 1 2
6 2 321 297 293 29 1 2
7 2 304 299 209 91 0 2
8 2 481 287 183 276 19 2
9 2 331 294 19 284 28 2
10 2 329 298 29 291 8 2
11 2 402 299 31 363 7 2
12 2 464 297 69 390 5 2
13 2 561 294 220 326 7 2
14 2 474 295 89 367 13 2
15 2 368 299 31 322 11 2
16 2 406 296 52 339 12 2
17 2 353 292 27 294 32 2
18 2 299 294 190 104 2 2
19 2 435 278 158 209 65 4
20 2 319 294 28 265 25 3
21 2 303 292 97 181 23 2
22 2 328 295 66 243 15 2
23 2 297 284 269 6 20 2
24 2 372 282 200 121 46 3
25 2 316 271 138 85 86 4
1 3 1 0 1 0 0 1
2 3 589 584 569 14 2 2
3 3 607 597 442 157 2 2
4 3 913 596 284 628 0 2
5 3 824 592 258 565 0 2
6 3 611 591 326 279 0 2
7 3 605 598 108 497 0 2
8 3 624 553 118 478 27 2
9 3 600 589 32 556 12 2
10 3 602 592 35 560 7 2
11 3 767 598 49 715 3 2
12 3 630 596 73 557 0 2
13 3 1095 591 108 987 0 2
14 3 624 581 73 539 11 2
15 3 774 597 16 747 11 2
16 3 776 588 50 716 10 2
17 3 607 574 42 538 27 2
18 3 650 587 133 512 5 2
19 3 658 503 131 441 84 2
20 3 631 567 43 550 38 2
21 3 593 559 149 422 16 2
22 3 631 583 45 568 18 2
23 3 522 516 384 111 28 2
24 3 592 569 183 395 12 2
25 3 565 553 175 369 21 2
1 4 0 0 0 0 0 0
2 4 1133 1130 881 253 0 2
3 4 1270 1193 269 1001 0 2
4 4 1533 1176 339 1195 0 2
5 4 1385 1173 279 1105 0 2
6 4 1189 1185 180 1009 0 2
7 4 1197 1193 104 1093 0 2
8 4 1083 1064 127 935 21 2
9 4 1159 1154 34 1113 12 2
10 4 1165 1162 31 1124 10 2
11 4 1256 1195 55 1199 2 2
12 4 1173 1165 98 1071 4 2
13 4 1709 1168 111 1594 4 2
14 4 1180 1126 81 1086 13 2
15 4 1346 1179 18 1316 12 2
16 4 1409 1157 70 1335 4 2
17 4 1133 1074 42 1052 39 2
18 4 1206 1149 143 1060 3 2
19 4 1085 921 140 872 73 2
20 4 1142 1099 49 1065 28 2
21 4 1178 1104 70 1085 23 2
22 4 1175 1153 34 1127 14 2
23 4 966 963 392 554 20 1
24 4 1143 1127 143 991 9 2
25 4 1004 990 215 752 37 2
1 5 7 0 7 0 0 1
2 5 2085 2059 964 1112 1 2
3 5 2337 2327 352 1977 0 2
4 5 2283 2275 358 1916 1 2
5 5 2521 2192 437 2075 1 2
6 5 2320 2268 203 2109 0 2
7 5 2466 2324 136 2317 5 2
8 5 1438 1538 72 1265 96 3
9 5 2201 2140 36 2138 19 3
10 5 2187 2175 114 2061 4 2
11 5 2346 2328 60 2274 4 2
12 5 2288 2195 53 2203 24 3
13 5 2703 2239 62 2620 13 3
14 5 2782 2199 99 2668 7 2
15 5 2235 2189 44 2170 13 2
16 5 1035 1189 42 983 2 2
17 5 2199 2163 10 2155 26 3
18 5 2035 2142 154 1865 8 2
19 5 1794 1778 216 1532 38 3
20 5 2078 1923 71 1962 37 3
21 5 1848 1676 126 1695 19 3
22 5 2065 2087 46 1984 27 2
23 5 1524 1545 187 1262 67 2
24 5 1636 1606 312 1273 43 2
25 5 962 995 55 874 26 2
