05:00.684	ID:1	GUOGE--1 5 0 5 0 0 1
05:00.569	ID:2	GUOGE--1 181 147 178 2 1 2
05:01.204	ID:3	GUOGE--1 322 148 268 52 1 2
05:00.682	ID:4	GUOGE--1 405 147 308 88 1 2
05:01.020	ID:5	GUOGE--1 357 147 258 94 2 2
05:00.556	ID:6	GUOGE--1 163 147 148 11 2 2
05:00.706	ID:7	GUOGE--1 171 148 95 72 2 2
05:00.378	ID:8	GUOGE--1 187 144 120 26 39 3
05:01.041	ID:9	GUOGE--1 243 145 33 170 32 4
05:00.862	ID:10	GUOGE--1 190 146 30 133 19 3
05:00.495	ID:11	GUOGE--1 227 148 55 159 5 2
05:00.900	ID:12	GUOGE--1 252 146 122 115 14 4
05:01.377	ID:13	GUOGE--1 386 145 121 255 9 2
05:00.792	ID:14	GUOGE--1 324 143 114 183 27 4
05:00.799	ID:15	GUOGE--1 213 146 22 171 12 3
05:01.080	ID:16	GUOGE--1 254 144 50 162 35 4
05:01.114	ID:17	GUOGE--1 167 144 39 94 26 3
05:00.631	ID:18	GUOGE--1 174 143 153 9 8 2
05:01.094	ID:19	GUOGE--1 271 141 155 69 47 3
05:00.777	ID:20	GUOGE--1 176 143 58 69 41 3
05:01.212	ID:21	GUOGE--1 213 142 66 108 32 4
05:00.982	ID:22	GUOGE--1 227 143 51 138 30 3
05:01.250	ID:23	GUOGE--1 181 142 147 0 31 3
05:00.340	ID:24	GUOGE--1 188 143 140 15 31 4
05:00.772	ID:25	GUOGE--1 170 139 121 7 41 4
5 0 5 0 0 1
181 147 178 2 1 2
322 148 268 52 1 2
405 147 308 88 1 2
357 147 258 94 2 2
163 147 148 11 2 2
171 148 95 72 2 2
187 144 120 26 39 3
243 145 33 170 32 4
190 146 30 133 19 3
227 148 55 159 5 2
252 146 122 115 14 4
386 145 121 255 9 2
324 143 114 183 27 4
213 146 22 171 12 3
254 144 50 162 35 4
167 144 39 94 26 3
174 143 153 9 8 2
271 141 155 69 47 3
176 143 58 69 41 3
213 142 66 108 32 4
227 143 51 138 30 3
181 142 147 0 31 3
188 143 140 15 31 4
170 139 121 7 41 4
